0.734829218958 0.0
1.71489393639 0.698970004336
2.84816582896 0.778151250384
3.00595761808 1.0
4.55905881834 0.0
5.87084191355 0.954242509439
6.72436123466 1.11394335231
7.87663887167 1.04139268516
8.00990217428 0.954242509439
9.32405360021 0.845098040014
10.0534531019 1.14612803568
11.2908605258 1.0
12.2450367978 1.04139268516
13.0666512527 1.14612803568
14.4412098664 1.23044892138
15.9765114327 1.27875360095
16.597687898 1.27875360095
17.7170451043 1.2552725051
18.7924132719 1.2552725051
19.0034123681 1.38021124171
20.3797160014 1.36172783602
21.1567608698 1.32221929473
22.9406933174 1.41497334797
23.4887910396 1.39794000867
24.5796050248 1.38021124171
25.9606410362 1.43136376416
26.8988771189 1.41497334797
27.6591990436 1.38021124171
28.5955211471 1.39794000867
29.3001246909 1.44715803134
30.5040459442 1.50514997832
31.3384756371 1.4623979979
32.9160021853 1.51851393988
33.7288363123 1.50514997832
34.9657678084 1.57978359662
35.8804667025 1.59106460703
36.8768726421 1.63346845558
37.8227897154 1.55630250077
38.7680975438 1.61278385672
39.1524949854 1.64345267649
40.5948616151 1.64345267649
41.5108136639 1.57978359662
42.3391274673 1.63346845558
43.2260406693 1.63346845558
44.5195339885 1.69019608003
45.1768711351 1.7075701761
46.4614106289 1.65321251378
47.2925913498 1.64345267649
48.4582419823 1.7075701761
49.535711144 1.69897000434
50.0344191601 1.68124123738
51.0190584885 1.71600334363
52.8420147506 1.69019608003
53.6339643341 1.76342799356
54.2800943041 1.76342799356
55.8884903357 1.78532983501
56.4778722823 1.7242758696
57.5671009418 1.77815125038
58.2380960749 1.78532983501
59.2084511475 1.7923916895
60.12026535 1.80617997398
61.0221101841 1.81954393554
62.2775417286 1.78532983501
63.4949205238 1.79934054945
64.7422647747 1.81291335664
65.8084962573 1.84509804001
66.5611259773 1.85125834872
67.8559220491 1.8260748027
68.7953452286 1.87506126339
69.6451537207 1.84509804001
70.5890121017 1.85733249643
71.9699147655 1.88081359228
72.2874379697 1.86923171973
73.627853136 1.87506126339
74.9754662744 1.88081359228
75.0748012389 1.85733249643
76.8498147244 1.88649072517
77.96459815 1.86923171973
78.7618390963 1.90848501888
79.2066320147 1.88649072517
80.848973139 1.89762709129
81.9789523488 1.91907809238
82.1289724103 1.91381385238
83.7700397501 1.93951925262
84.3570187631 1.92427928606
85.8789027334 1.91907809238
86.2811450162 1.95424250944
87.0096608338 1.92427928606
88.4226356719 1.94448267215
89.4947447777 1.9731278536
90.7625523323 1.96848294855
91.8645782805 1.95424250944
92.6039624976 1.9731278536
93.1037024826 1.95904139232
94.7839403946 1.95904139232
95.1456222599 1.96378782735
96.6620479659 2.01283722471
97.2365904848 2.00432137378
98.8852863367 1.97772360529
99.5404138768 1.9956351946
100.773790739 2.00432137378
101.938473539 1.99122607569
102.054706238 2.03342375549
103.007212288 2.03742649794
104.010718101 2.02118929907
105.797095452 2.00860017176
106.434373122 2.03742649794
107.481906996 2.02938377769
108.741021272 2.04921802267
109.299285155 2.02938377769
110.143291833 2.06818586175
111.093526973 2.03342375549
112.326253323 2.04532297879
113.489885163 2.04532297879
114.411064779 2.04921802267
115.169013315 2.08635983067
116.198514707 2.08635983067
117.734698197 2.06069784035
118.587312174 2.07188200731
119.568609346 2.07554696139
120.117922554 2.07188200731
121.064424549 2.07554696139
122.735853342 2.09342168516
123.154286848 2.09691001301
124.025129426 2.1105897103
125.135239367 2.11727129566
126.417037132 2.1105897103
127.447934851 2.12057393121
128.272373439 2.1303337685
129.576098729 2.1105897103
130.024787537 2.12710479836
131.49875236 2.10720996965
132.468119419 2.14301480025
133.155362587 2.13353890837
134.91696252 2.14612803568
135.910015789 2.12710479836
136.978629335 2.1398790864
137.856675693 2.12710479836
138.403390125 2.16136800223
139.835068496 2.1398790864
140.223822993 2.16731733475
141.667558171 2.17026171539
142.533397778 2.15533603747
143.921043281 2.14612803568
144.606383592 2.17026171539
145.36558085 2.16731733475
146.845010493 2.1583624921
147.717344126 2.18752072084
148.021083356 2.18752072084
149.232846724 2.18184358794
150.915288279 2.16731733475
151.875998052 2.19033169817
152.357660985 2.19865708695
153.801307808 2.18752072084
154.631875658 2.18184358794
155.316720669 2.19033169817
156.284787146 2.19033169817
157.172347805 2.20951501454
158.48738517 2.21484384805
159.48630409 2.19865708695
160.035680158 2.21748394421
161.851282211 2.20411998266
162.639402411 2.2121876044
163.778705818 2.21484384805
164.446231134 2.23044892138
165.152773518 2.22788670461
166.406458725 2.23299611039
167.78517029 2.22271647115
168.200860818 2.23299611039
169.127675072 2.24054924828
170.141276315 2.22271647115
171.471095127 2.23044892138
172.826421242 2.25285303098
173.570799326 2.25285303098
174.613501836 2.23552844691
175.543601491 2.24303804869
176.866336392 2.24551266781
177.971552091 2.25042000231
178.21103859 2.26245108973
179.95847236 2.25767857487
180.830349357 2.26007138799
181.215737201 2.26245108973
182.899189712 2.2552725051
183.064467987 2.27184160654
184.040634847 2.26245108973
185.622047923 2.26951294422
186.669157598 2.26951294422
187.592483508 2.26951294422
188.999480603 2.2833012287
189.790179518 2.27415784926
190.586567415 2.2833012287
191.264474776 2.2833012287
192.286173607 2.28103336725
193.787964647 2.28780172993
194.403849402 2.28103336725
195.523933412 2.29003461136
196.034722412 2.29225607136
197.644677003 2.30749603791
198.575269158 2.30749603791
199.046592813 2.30319605742
