y
-1 1
-1 1
x
-1 1
1 -99.035 99
3 -98.96599999999999 99.008
4 -99.08499999999999 99.414
5 -99.04900000000001 99.053
6 -98.443 99
7 -97.983 99.134
8 -98.122 99.09399999999999
9 -97.614 99
10 -96.306 99.003
11 -98.401 99
12 -99.19499999999999 99
13 -99.169 99
14 -98.821 99.11
15 -98.322 99.039
16 -97.512 99.004
17 -96.435 99.08499999999999
18 -95.32899999999999 99.01600000000001
19 -94.306 99.13
20 -93.363 99.126
21 -92.31399999999999 99.004
22 -90.90600000000001 99.001
23 -89.289 99.105
24 -87.758 99.06
25 -86.193 99
26 -84.33199999999999 99
27 -90.84099999999999 99.11799999999999
28 -96.128 99.122
29 -95.982 99.012
30 -96.727 99.102
31 -97.65600000000001 99
32 -98.057 99.193
33 -98.012 99.27200000000001
34 -97.98399999999999 99.09399999999999
35 -98.009 99.005
36 -98.001 99.319
37 -97.971 99.002
38 -98.08 99.10899999999999
39 -97.95099999999999 99.36
40 -97.208 100.168
41 -96.86799999999999 99
42 -97.053 99.008
43 -97.087 99.00700000000001
44 -96.41500000000001 111.527
45 -95.961 99.095
46 -96.029 99.00700000000001
47 -99.52 99.048
48 -98.913 99.01600000000001
49 -99.001 99.069
50 -99.008 99.002
51 -98.995 99.087
52 -99.53700000000001 99.01300000000001
53 -99 99.038
54 -98.998 99.08199999999999
55 -107.105 99.01600000000001
56 -98.982 99.083
57 -100.012 99.029
58 -98.93300000000001 98.988
59 -98.93300000000001 99.004
60 -99.122 99.06100000000001
61 -99.00700000000001 98.63800000000001
62 -112.823 97.652
63 -99.29000000000001 96.126
64 -98.97799999999999 93.60899999999999
65 -100.154 93.288
66 -99.16800000000001 92.649
67 -99.021 90.26300000000001
68 -98.982 89.39400000000001
69 -98.94799999999999 88.86
70 -99.7 86.506
71 -98.05500000000001 85.075
72 -96.89700000000001 83.629
73 -97.958 82.511
74 -98.761 81.902
75 -99.092 81.16
76 -100 80.581
77 -99.43300000000001 79.46899999999999
78 -99.092 78.026
79 -99.053 77.58499999999999
80 -99.017 75.328
81 -98.95999999999999 72.78100000000001
82 -99.092 71.764
83 -98.878 65.791
84 -98.66500000000001 60.808
85 -99.203 55
86 -99.02200000000001 36.065
87 -99.053 52.879
88 -98.947 69.861
89 -99.045 83.398
90 -99.06999999999999 93.374
91 -98.336 98.771
92 -98.127 99.255
93 -98.899 97.349
94 -99.06999999999999 93.227
95 -99.119 87.47
96 -99.021 92.827
97 -99.05 97.348
98 -99.004 99.008
99 -98.991 99.128
100 -98.99299999999999 99.062
101 -99.084 93.949
102 -98.685 89.56399999999999
103 -97.85599999999999 86.117
104 -97.134 94.377
105 -96.425 95.249
106 -95.661 96.803
107 -94.962 91.18300000000001
108 -94.321 99.634
109 -92.96599999999999 97.435
110 -91.70999999999999 92.959
111 -91.04600000000001 94.54900000000001
112 -89.68000000000001 97.791
113 -88.128 98.916
114 -86.693 99.05500000000001
115 -85.22499999999999 99.12
116 -83.857 97.577
117 -82.069 99.568
118 -80.41 96.321
119 -82.621 96.79900000000001
120 -84.63500000000001 98.752
121 -87.00700000000001 98.98
122 -90.358 98.423
123 -94.562 99.23099999999999
124 -98.209 98.41800000000001
125 -98.49299999999999 98.67100000000001
126 -91.43300000000001 99.867
127 -74.337 99.70999999999999
128 -63.464 97.28100000000001
129 -60.816 97.675
130 -57.671 99.012
131 -53.93 96.98
132 -50.07 97.343
133 -47.748 98.80500000000001
134 -45.183 98.93600000000001
135 -38.912 98.111
136 -32.898 96.245
137 -18.582 99.771
138 -15.527 98.223
139 -16.296 100.027
140 -17.058 91.974
141 -17.817 96.376
142 -18.621 98.789
143 -28.599 98.889
144 -54.725 97.95099999999999
145 -61.12 96.70999999999999
146 -44.371 93.758
147 -24.148 89.82899999999999
148 -26.397 86.232
149 -28.671 82.571
150 -34.329 79.023
151 -38.132 75.18600000000001
152 -63.5 70.747
153 -95 66.90600000000001
154 -65.315 63.401
155 -83.473 59.692
156 -97.435 55.963
157 -95.735 52.948
158 -81.423 49.834
159 -66.441 46.115
160 -54.723 43
161 -46.186 40.732
162 -48.592 38.385
163 -54.737 35.399
164 -62.427 33.045
165 -87 58.618
166 -93.78400000000001 64.14100000000001
167 -91.93600000000001 29.728
168 -98.127 24.588
169 -97.55200000000001 25.194
170 -89.53700000000001 26
171 -92.93300000000001 26.868
172 -83.845 26.973
173 -77.538 36.769
174 -92.60299999999999 50.313
175 -97.461 37.499
176 -98.843 31.082
177 -98.607 29.017
178 -99.327 29.059
179 -95.505 29.023
180 -97.88500000000001 28.98
181 -98.758 31.143
182 -97.23699999999999 35.875
183 -99.093 42.34
184 -95.629 50.874
185 -95.714 64.944
186 -99.06399999999999 87.64
187 -99.062 95.31100000000001
188 -97.616 76.928
189 -97.053 47.621
190 -98.566 30.228
191 -98.794 28.969
192 -94.82599999999999 28.212
193 -88.955 27.361
194 -82.36199999999999 35.963
195 -75.518 65.369
196 -68.919 78.441
197 -63.094 52.256
198 -58.286 31.877
199 -54.312 29.535
200 -50.943 26.717
201 -47.926 28.951
202 -45.06 31.147
203 -42.352 33.238
204 -39.854 35.298
205 -37.61 37.646
206 -38.235 40.362
207 -42.916 43.008
208 -57.078 45.605
209 -76.366 48.832
210 -95.86 91.131
211 -95.979 91.024
212 -98.88200000000001 61.035
213 -97.86499999999999 66.72499999999999
214 -90.806 73.624
215 -92.45399999999999 81.449
216 -99.063 90.919
217 -97.217 99.48099999999999
218 -85.217 93.65900000000001
219 -67.346 68.18899999999999
220 -68.79300000000001 39.038
221 -92.39100000000001 37.559
222 -99.34 40.115
223 -91.041 52.663
224 -93.93600000000001 75.649
225 -97.56399999999999 99
226 -76.934 98.164
227 -62.132 95.73999999999999
228 -64.42400000000001 83.247
229 -66.75 69.604
230 -68.977 67.114
231 -71.752 81.187
232 -74.946 92.488
233 -78.01600000000001 98.40600000000001
234 -81.102 98.31999999999999
235 -84.203 96.376
236 -87.273 96.89400000000001
237 -92.608 85.874
238 -98.68300000000001 76.93899999999999
239 -96.024 92.196
240 -98.006 97.809
241 -99.145 96.20999999999999
242 -99.03 95.678
243 -99.126 79.93600000000001
244 -99.063 66.256
245 -95.911 87.044
246 -90.64700000000001 89.72199999999999
247 -93.34999999999999 69.46599999999999
248 -88.821 54.213
249 -87.79000000000001 51.4
250 -95.767 54.533
251 -96.131 64.813
252 -88.065 73.483
253 -97.991 78.39100000000001
254 -93.93000000000001 86.48
255 -77 96
